TASK_ID=PROCGEN-RAT-SHARED-ACTOR-CRITIC-CONTRIBUTION-TELEMETRY-2M-S0-20260828-62
STATUS=TERMINAL_TELEMETRY_COMPLETE
FORMAT=env|segment|records|clip_rate|metric_actor_norm_share|full_actor_norm_share|full_actor_signed_projection_share|shared_actor_norm_share|shared_actor_signed_projection_share|full_actor_critic_cosine|global_clip_scale|policy_kl|lr_before
STAT_FORMAT=median[p10,p90]
bigfish|early|5216|.906442|.405552[.251412,.450959]|.483686[.200100,.700146]|.466948[.057145,.849929]|.530779[.209890,.726968]|.562250[.063733,.880269]|-.000762[-.051993,.050296]|.708677[.301436,.993576]|.013092[1.864e-5,.051735]|.147789[.001709,.5]
bigfish|middle|5216|.779908|.420776[.395341,.447322]|.492556[.240548,.704626]|.485990[.092004,.853250]|.534502[.286070,.728139]|.568125[.141363,.881986]|.003964[-.045558,.058669]|.796129[.379634,1]|.021721[1.035e-5,.053079]|.065684[.001709,.221684]
bigfish|late|5312|.709902|.453094[.422825,.484738]|.635756[.249875,.785305]|.750316[.102036,.934287]|.685344[.312223,.814386]|.822547[.172141,.955988]|-.000954[-.043890,.047074]|.907280[.388982,1]|.021710[7.263e-6,.055143]|.043789[.001139,.147789]
bigfish|overall|15744|.798209|.428864[.336098,.468349]|.523267[.223752,.742910]|.545831[.076417,.896825]|.571291[.255411,.771754]|.637637[.104612,.924202]|.000596[-.047110,.052250]|.802152[.340099,1]|.018923[1.109e-5,.053422]|.065684[.001709,.333333]
bossfight|early|5216|.929256|.287352[.231881,.368227]|.232235[.099235,.490710]|.083998[.009646,.481454]|.241314[.092718,.525733]|.094337[.007041,.553084]|.000349[-.082802,.087706]|.371498[.154142,.875858]|.011645[.002566,.036158]|.5[.148148,.5]
bossfight|middle|5216|.755176|.481755[.394651,.519170]|.663925[.327531,.809596]|.793432[.193981,.948718]|.717290[.400188,.837315]|.862157[.311000,.965766]|.006424[-.044444,.059386]|.894116[.501554,1]|.022265[6.669e-6,.055430]|.065844[.001709,.332526]
bossfight|late|5312|.644202|.532400[.502335,.562519]|.733800[.466314,.829530]|.881041[.433026,.959869]|.802534[.598399,.874631]|.939342[.686450,.981118]|.007156[-.028935,.049310]|.955464[.687217,1]|.024415[1.795e-6,.059550]|.019462[.000506,.098526]
bossfight|overall|15744|.775407|.481407[.254989,.545332]|.585496[.163509,.808027]|.664652[.036693,.946112]|.662993[.162498,.850670]|.790370[.035477,.970063]|.005336[-.051911,.065163]|.836595[.254665,1]|.016221[1.589e-5,.054573]|.098526[.001709,.5]
caveflyer|early|5216|.919862|.338178[.248986,.390190]|.324443[.174614,.647167]|.188425[.042203,.771800]|.353457[.163756,.661191]|.232855[.035753,.793214]|-.000671[-.076184,.079507]|.510846[.259388,.957998]|.012248[.001124,.043919]|.5[.029264,.5]
caveflyer|middle|5216|.636695|.468567[.422226,.507516]|.690753[.468612,.819315]|.830494[.439269,.956214]|.723263[.537606,.838420]|.870040[.572586,.967412]|.003735[-.051730,.065235]|.948858[.704874,1]|.022928[2.657e-6,.057368]|.043789[.000759,.221684]
caveflyer|late|5312|.616529|.506065[.466893,.545357]|.678144[.449215,.821090]|.815650[.401507,.956742]|.720701[.514686,.851554]|.867896[.528716,.973379]|.006660[-.055807,.077220]|.951794[.706646,1]|.022983[2.315e-6,.061713]|.019462[.000506,.147789]
caveflyer|overall|15744|.723704|.462811[.297087,.524403]|.612512[.250089,.802787]|.711234[.101228,.944919]|.652578[.261240,.827739]|.774567[.112696,.960918]|.003540[-.062094,.073658]|.882519[.386151,1]|.016977[8.868e-6,.057052]|.065684[.001139,.5]
coinrun|early|5216|.775115|.525175[.320770,.594422]|.634654[.156594,.868910]|.748294[.030445,.982878]|.747779[.218741,.921110]|.895894[.069841,1.000733]|-.001153[-.112253,.123118]|.849113[.410813,1]|.012692[1.475e-5,.060155]|.065684[.000759,.5]
coinrun|middle|5216|.859087|.475982[.396415,.591739]|.552725[.331126,.781000]|.601147[.198964,.937307]|.579926[.351196,.823878]|.652153[.230532,.970502]|.008666[-.150568,.176888]|.761893[.448856,1]|.023972[8.859e-6,.056443]|.043789[.000759,.147789]
coinrun|late|5312|.798758|.387485[.333709,.476924]|.500174[.249632,.739796]|.500321[.098627,.896226]|.513235[.258428,.754667]|.525003[.103621,.914591]|.003630[-.142015,.164975]|.776782[.362502,1]|.021899[1.862e-5,.056009]|.098526[.001709,.221684]
coinrun|overall|15744|.810912|.453872[.340018,.577002]|.550106[.245934,.824688]|.596665[.093789,.962700]|.593871[.287481,.877031]|.678785[.137299,.989754]|.001260[-.135974,.157968]|.801548[.408035,1]|.019793[1.349e-5,.057640]|.065684[.001139,.332526]
BOSSFIGHT_JOB=1078177
BOSSFIGHT_SCHEDULER=COMPLETED/0:0
BOSSFIGHT_ELAPSED=01:39:16
BOSSFIGHT_NODE=gpu002
BOSSFIGHT_ROOT=PASS/rc0
BOSSFIGHT_ENDPOINT=2007040
BOSSFIGHT_REWARD=2.92
BOSSFIGHT_CHECKPOINT_STAT=regular_non_symlink_size3766013_mode664
ALL_ENV_HARD_ERROR_SCAN=ZERO
ALL_ENV_NONFINITE_COUNT=ZERO
ALL_ENV_EXCLUSIVE_STRUCTURAL_ZEROS=EXACT
MODEL_OR_CHECKPOINT_BYTES_OR_HASHES_IN_GIT=NONE
